              precision    recall  f1-score   support

           0     0.9919    0.9969    0.9944       980
           1     0.9947    0.9938    0.9943      1135
           2     0.9923    0.9942    0.9932      1032
           3     0.9892    0.9970    0.9931      1010
           4     0.9879    0.9980    0.9929       982
           5     0.9888    0.9910    0.9899       892
           6     0.9979    0.9843    0.9911       958
           7     0.9922    0.9903    0.9912      1028
           8     0.9837    0.9938    0.9888       974
           9     0.9949    0.9742    0.9845      1009

    accuracy                         0.9914     10000
   macro avg     0.9914    0.9914    0.9913     10000
weighted avg     0.9914    0.9914    0.9914     10000
